61,35
3,2
3,1
3,3
10,268
10,66
10,280
10,262
10,176
10,234
10,278
9,6
9,4
8,4
8,18
8,9
8,14
52,3
52,1
51,3
51,1
50,3
50,1
49,3
49,1
47,3
47,1
44,3
44,1
42,3
42,1
40,3
40,1
38,3
38,1
33,3
33,1
30,3
30,1
20,3
14,1
20,2
14,3
20,1
19,3
13,1
19,2
13,3
19,1
18,3
18,1
12,3
12,2
12,1
11,29
11,28
11,27
11,26
11,25
11,24
11,23
11,22
11,21
11,20
11,19
11,18
11,17
11,16
11,15
11,14
11,13
11,12
11,11
11,10
11,9
11,8
11,7
11,6
11,5
11,4
11,3
11,2
11,1
11,0
10,311
10,303
10,286
10,281
10,256
10,250
10,209
10,165
10,163
10,145
10,127
10,125
10,93
10,77
10,75
10,73
10,67
10,65
10,25
10,9
2,2
